1.500   1.500   -24.767492998632257
.500   1.600   -43.84144546285005
1.500   1.700   -43.94622387020674
1.500   1.800   -44.48373482222095
1.500   1.900   -45.267343868083145
1.500   2.000   -46.14832460097033
1.500   2.100   -47.03703319178361
1.500   2.200   -47.88807511494601
1.500   2.300   -48.68235854404388
1.500   2.400   -49.41363146573238
1.500   2.500   -50.080654017218166
1.500   2.600   -50.68449507979882
1.500   2.700   -51.231222281973764
1.500   2.800   -51.724889060895364
1.500   2.900   -52.17339775808278
1.500   3.000   -52.58205453192289
1.500   3.100   -52.95795168816276
1.500   3.200   -53.30767216663864
1.500   3.300   -53.63848520513635
1.500   3.400   -53.954908417474265
1.500   3.500   -54.26412170651114
1.500   3.600   -54.56750579204955
1.500   3.700   -54.86732627165595
1.500   3.800   -55.16457495730215
1.500   3.900   -55.45835745176062
1.500   4.000   -55.7487866629964
1.500   4.100   -56.0351714182842
1.500   4.200   -56.317524104643724
1.500   4.300   -56.59497940053901
1.500   4.400   -56.86851733917053
1.500   4.500   -57.13572998165134
1.500   4.600   -57.39519305071084
1.500   4.700   -57.64921749401062
1.500   4.800   -57.89230085217082
1.500   4.900   -58.12153585068206
1.500   5.000   -58.33866851372743
1.500   5.100   -58.53768409737776
1.500   5.200   -58.717118479609354
1.500   5.300   -58.88052841693918
1.500   5.400   -59.02911734137525
1.500   5.500   -59.16528296371975
1.500   5.600   -59.29245744950033
1.500   5.700   -59.41366959198295
1.500   5.800   -59.53255652230861
1.500   5.900   -59.65067206763867
1.500   6.000   -59.76508056297681
1.600   1.500   -43.841529354242795
1.600   1.600   -42.85450336628133
1.600   1.700   -42.484023789653854
1.600   1.800   -42.75974902323295
1.600   1.900   -43.49832658390776
1.600   2.000   -44.46762512784706
1.600   2.100   -45.50059783255341
1.600   2.200   -46.50597510372749
1.600   2.300   -47.44571833671262
1.600   2.400   -48.3058462348001
1.600   2.500   -49.083820721431536
1.600   2.600   -49.78360709668266
1.600   2.700   -50.41160460783162
1.600   2.800   -50.97533010658178
1.600   2.900   -51.483690587201814
1.600   3.000   -51.94392183141433
1.600   3.100   -52.36612260354656
1.600   3.200   -52.756765838265956
1.600   3.300   -53.12402132751118
1.600   3.400   -53.4747120804428
1.600   3.500   -53.81420051258787
1.600   3.600   -54.14479172094613
1.600   3.700   -54.470216709743475
1.600   3.800   -54.78958423282035
1.600   3.900   -55.10367410577313
1.600   4.000   -55.41288562935736
1.600   4.100   -55.715063670715196
1.600   4.200   -56.01302396273597
1.600   4.300   -56.304855457308705
1.600   4.400   -56.589933315680334
1.600   4.500   -56.868421346756215
1.600   4.600   -57.14068852765034
1.600   4.700   -57.403430896715896
1.600   4.800   -57.65314541320195
1.600   4.900   -57.88880193782465
1.600   5.000   -58.10850987072138
1.600   5.100   -58.306724689733834
1.600   5.200   -58.48696582811054
1.600   5.300   -58.653329046282565
1.600   5.400   -58.80402547335908
1.600   5.500   -58.94352412139151
1.600   5.600   -59.07777464984786
1.600   5.700   -59.206987652663095
1.600   5.800   -59.3333766831644
1.600   5.900   -59.45866155927846
1.600   6.000   -59.581744194445434
1.700   1.500   -43.94620712448279
1.700   1.600   -42.484054635004284
1.700   1.700   -41.48183366717192
1.700   1.800   -41.20906517253259
1.700   1.900   -41.672198742673615
1.700   2.000   -42.6211319588683
1.700   2.100   -43.7744097367369
1.700   2.200   -44.95140032547304
1.700   2.300   -46.06560009563875
1.700   2.400   -47.08416401397745
1.700   2.500   -48.00034782886169
1.700   2.600   -48.81665745744869
1.700   2.700   -49.542964686797305
1.700   2.800   -50.18944807449586
1.700   2.900   -50.76758142443172
1.700   3.000   -51.28836762620282
1.700   3.100   -51.762842230208555
1.700   3.200   -52.199113084934055
1.700   3.300   -52.60774810860242
1.700   3.400   -52.994426426465715
1.700   3.500   -53.365582294488746
1.700   3.600   -53.72539068962628
1.700   3.700   -54.07586565382289
1.700   3.800   -54.417816035638765
1.700   3.900   -54.75256398159344
1.700   4.000   -55.07924601432316
1.700   4.100   -55.39814094701612
1.700   4.200   -55.71143390767709
1.700   4.300   -56.015621397287326
1.700   4.400   -56.313255403168256
1.700   4.500   -56.60513134384722
1.700   4.600   -56.88604494497776
1.700   4.700   -57.15582814318225
1.700   4.800   -57.412205964328415
1.700   4.900   -57.65075845752714
1.700   5.000   -57.870206707602776
1.700   5.100   -58.069626273786994
1.700   5.200   -58.25316148020459
1.700   5.300   -58.42203959286436
1.700   5.400   -58.576361256760734
1.700   5.500   -58.723264436023136
1.700   5.600   -58.86595004313263
1.700   5.700   -59.002833386858754
1.700   5.800   -59.136777104341796
1.700   5.900   -59.2710079871544
1.700   6.000   -59.403128172779205
1.800   1.500   -44.48374611816618
1.800   1.600   -42.75975410726763
1.800   1.700   -41.20909581781728
1.800   1.800   -40.19039095675363
1.800   1.900   -40.024392529752454
1.800   2.000   -40.68650301504605
1.800   2.100   -41.8486867631491
1.800   2.200   -43.181985702620324
1.800   2.300   -44.49594122464242
1.800   2.400   -45.7095470944195
1.800   2.500   -46.79701386476765
1.800   2.600   -47.758814553694826
1.800   2.700   -48.605954072502264
1.800   2.800   -49.35254893372181
1.800   2.900   -50.01531407870888
1.800   3.000   -50.60684089987603
1.800   3.100   -51.141297897621484
1.800   3.200   -51.630496195321435
1.800   3.300   -52.08400279588166
1.800   3.400   -52.50933635100458
1.800   3.500   -52.91521059963108
1.800   3.600   -53.30439669316277
1.800   3.700   -53.680947438012254
1.800   3.800   -54.04642223352092
1.800   3.900   -54.40084260046648
1.800   4.000   -54.746149700894485
1.800   4.100   -55.08198861701805
1.800   4.200   -55.409012428790355
1.800   4.300   -55.726635030683696
1.800   4.400   -56.03776993802708
1.800   4.500   -56.339640217445215
1.800   4.600   -56.62805513167102
1.800   4.700   -56.90520175290706
1.800   4.800   -57.165112014914115
1.800   4.900   -57.40385251541881
1.800   5.000   -57.62483669881954
1.800   5.100   -57.82800933916547
1.800   5.200   -58.014455475856295
1.800   5.300   -58.18742979805074
1.800   5.400   -58.34978993611403
1.800   5.500   -58.505200845459626
1.800   5.600   -58.65600734983328
1.800   5.700   -58.80074451613622
1.800   5.800   -58.94392881433874
1.800   5.900   -59.08755949490528
1.800   6.000   -59.22693095105039
1.900   1.500   -45.26733549745439
1.900   1.600   -43.49820111542473
1.900   1.700   -41.672167244121034
1.900   1.800   -40.024374774448845
1.900   1.900   -38.983175411938255
1.900   2.000   -38.92976436435431
1.900   2.100   -39.800806465703786
1.900   2.200   -41.17816057207388
1.900   2.300   -42.687207979911825
1.900   2.400   -44.129542659086496
1.900   2.500   -45.43072159104104
1.900   2.600   -46.57550663319096
1.900   2.700   -47.57413567296004
1.900   2.800   -48.445774509368846
1.900   2.900   -49.211061164035655
1.900   3.000   -49.887686040431156
1.900   3.100   -50.493923714457
1.900   3.200   -51.04233631457784
1.900   3.300   -51.54582910758014
1.900   3.400   -52.01452835458064
1.900   3.500   -52.45667420836081
1.900   3.600   -52.87732853250684
1.900   3.700   -53.28163125608196
1.900   3.800   -53.67031969447985
1.900   3.900   -54.0461919998686
1.900   4.000   -54.41066454997907
1.900   4.100   -54.76192757653956
1.900   4.200   -55.10406950003578
1.900   4.300   -55.43667063500609
1.900   4.400   -55.758773043799366
1.900   4.500   -56.06922601058207
1.900   4.600   -56.36577787647712
1.900   4.700   -56.647109401808436
1.900   4.800   -56.90779826118049
1.900   4.900   -57.14866242555002
1.900   5.000   -57.37395206817402
1.900   5.100   -57.58059973283937
1.900   5.200   -57.77158024105543
1.900   5.300   -57.952806243177456
1.900   5.400   -58.12430320691988
1.900   5.500   -58.28841283042942
1.900   5.600   -58.4473662473209
1.900   5.700   -58.60166307976418
1.900   5.800   -58.754631636949014
1.900   5.900   -58.90560576551255
1.900   6.000   -59.05105020314802
2.000   1.500   -46.1483952448915
2.000   1.600   -44.467460077944324
2.000   1.700   -42.62087234574715
2.000   1.800   -40.68654090812826
2.000   1.900   -38.92986843502472
2.000   2.000   -37.860372239819625
2.000   2.100   -37.92609836774602
2.000   2.200   -39.01420672949495
2.000   2.300   -40.60838633151621
2.000   2.400   -42.285578710060186
2.000   2.500   -43.84407647629949
2.000   2.600   -45.21997851129325
2.000   2.700   -46.41275389331506
2.000   2.800   -47.44255365776978
2.000   2.900   -48.335570711061834
2.000   3.000   -49.116580841993105
2.000   3.100   -49.80731812972443
2.000   3.200   -50.42476380174381
2.000   3.300   -50.98600650007276
2.000   3.400   -51.50222218142639
2.000   3.500   -51.98449393660072
2.000   3.600   -52.43961637429575
2.000   3.700   -52.87247210465452
2.000   3.800   -53.2869294138338
2.000   3.900   -53.685282063788456
2.000   4.000   -54.068172835935385
2.000   4.100   -54.437063703308056
2.000   4.200   -54.79582964372102
2.000   4.300   -55.14115518925376
2.000   4.400   -55.47333440252441
2.000   4.500   -55.79312444326299
2.000   4.600   -56.09488089728435
2.000   4.700   -56.37786927118998
2.000   4.800   -56.641509886360026
2.000   4.900   -56.88740180285336
2.000   5.000   -57.11676851709961
2.000   5.100   -57.328569380530936
2.000   5.200   -57.528383041569505
2.000   5.300   -57.71943862380207
2.000   5.400   -57.89964458688874
2.000   5.500   -58.07251770177694
2.000   5.600   -58.24127584292658
2.000   5.700   -58.40557391538709
2.000   5.800   -58.56622950987333
2.000   5.900   -58.72364968704937
2.000   6.000   -58.87629708686593
2.100   1.500   -47.037061677584
2.100   1.600   -45.50072099982508
2.100   1.700   -43.774386833176955
2.100   1.800   -41.84873588343058
2.100   1.900   -39.800719088301676
2.100   2.000   -37.92597410104508
2.100   2.100   -36.82263262148258
2.100   2.200   -37.01368328411571
2.100   2.300   -38.32591775361711
2.100   2.400   -40.133649005470865
2.100   2.500   -41.96821497991297
2.100   2.600   -43.63026888751041
2.100   2.700   -45.07188524208517
2.100   2.800   -46.30495024978944
2.100   2.900   -47.36107446180132
2.100   3.000   -48.27121894119142
2.100   3.100   -49.0645908301117
2.100   3.200   -49.76521621136585
2.100   3.300   -50.39310040033953
2.100   3.400   -50.96403233045503
2.100   3.500   -51.491927571945595
2.100   3.600   -51.984276615305156
2.100   3.700   -52.449684374926406
2.100   3.800   -52.89200486995565
2.100   3.900   -53.31318091768942
2.100   4.000   -53.717059580808446
2.100   4.100   -54.10546609750439
2.100   4.200   -54.479432393154845
2.100   4.300   -54.83673083073513
2.100   4.400   -55.18001336886231
2.100   4.500   -55.506402979943715
2.100   4.600   -55.81122075140776
2.100   4.700   -56.09830085063481
2.100   4.800   -56.367909450202305
2.100   4.900   -56.618822778205356
2.100   5.000   -56.854715678257335
2.100   5.100   -57.075354818830746
2.100   5.200   -57.28580496246305
2.100   5.300   -57.48604210369332
2.100   5.400   -57.675335160604675
2.100   5.500   -57.85844371833033
2.100   5.600   -58.03754657614267
2.100   5.700   -58.20991855459992
2.100   5.800   -58.37724414742773
2.100   5.900   -58.542203837001345
2.100   6.000   -58.70177384636986
2.200   1.500   -47.888090641527924
2.200   1.600   -46.505912128911284
2.200   1.700   -44.95123975736965
2.200   1.800   -43.18196591191049
2.200   1.900   -41.17813998230077
2.200   2.000   -39.01420765184124
2.200   2.100   -37.01360110631259
2.200   2.200   -35.86915066308405
2.200   2.300   -36.18942068766277
2.200   2.400   -37.729894437499794
2.200   2.500   -39.74619245881975
2.200   2.600   -41.72795340116344
2.200   2.700   -43.48279063575127
2.200   2.800   -44.98019088223567
2.200   2.900   -46.24665463183446
2.200   3.000   -47.321294387192744
2.200   3.100   -48.24394436029611
2.200   3.200   -49.04570308177172
2.200   3.300   -49.75393241356278
2.200   3.400   -50.38974665121704
2.200   3.500   -50.969499278620624
2.200   3.600   -51.5056944199449
2.200   3.700   -52.007520064622376
2.200   3.800   -52.47954343375641
2.200   3.900   -52.92726698418294
2.200   4.000   -53.35503148507404
2.200   4.100   -53.761971908350425
2.200   4.200   -54.15094092533136
2.200   4.300   -54.52165919694236
2.200   4.400   -54.8737042897919
2.200   4.500   -55.20493867917817
2.200   4.600   -55.515313858647595
2.200   4.700   -55.809737422118566
2.200   4.800   -56.08547941889721
2.200   4.900   -56.34326858648431
2.200   5.000   -56.589043699100436
2.200   5.100   -56.821553670323325
2.200   5.200   -57.04190518773301
2.200   5.300   -57.2519461417739
2.200   5.400   -57.45206473474911
2.200   5.500   -57.64607579801225
2.200   5.600   -57.83352527668301
2.200   5.700   -58.012787752384014
2.200   5.800   -58.187963333539706
2.200   5.900   -58.360195120707424
2.200   6.000   -58.52464025052417
2.300   1.500   -48.68237003881176
2.300   1.600   -47.44569033005241
2.300   1.700   -46.0655943635044
2.300   1.800   -44.49599018956613
2.300   1.900   -42.687128451921026
2.300   2.000   -40.60833966557786
2.300   2.100   -38.32590472179331
2.300   2.200   -36.189365551547034
2.300   2.300   -34.99521270171238
2.300   2.400   -35.448985364258114
2.300   2.500   -37.22188794049651
2.300   2.600   -39.440281437729574
2.300   2.700   -41.557351516499644
2.300   2.800   -43.392869234649396
2.300   2.900   -44.93520167674648
2.300   3.000   -46.225499739953655
2.300   3.100   -47.31381190638243
2.300   3.200   -48.24345520349723
2.300   3.300   -49.05169593390322
2.300   3.400   -49.7652772427069
2.300   3.500   -50.408329846561465
2.300   3.600   -50.99580948486761
2.300   3.700   -51.53866240735496
2.300   3.800   -52.04580133079977
2.300   3.900   -52.52420019395441
2.300   4.000   -52.975860654605725
2.300   4.100   -53.40236038186592
2.300   4.200   -53.80826791347649
2.300   4.300   -54.190519787601026
2.300   4.400   -54.54986943260827
2.300   4.500   -54.888843234978516
2.300   4.600   -55.208345656224836
2.300   4.700   -55.510422240501406
2.300   4.800   -55.79454989736714
2.300   4.900   -56.0640819720259
2.300   5.000   -56.32219291306407
2.300   5.100   -56.56563213858987
2.300   5.200   -56.79641279962581
2.300   5.300   -57.017976833019844
2.300   5.400   -57.22952211124133
2.300   5.500   -57.43197220396821
2.300   5.600   -57.627272202316945
2.300   5.700   -57.81471841616221
2.300   5.800   -57.99758977443232
2.300   5.900   -58.174945276766465
2.300   6.000   -58.34400898200904
2.400   1.500   -49.41362164659642
2.400   1.600   -48.30584887611312
2.400   1.700   -47.08417788288002
2.400   1.800   -45.70957208068105
2.400   1.900   -44.12954937901747
2.400   2.000   -42.28557677421706
2.400   2.100   -40.13362112868499
2.400   2.200   -37.72990601523692
2.400   2.300   -35.448866182256765
2.400   2.400   -34.19890617333329
2.400   2.500   -34.79024392582411
2.400   2.600   -36.795817989825565
2.400   2.700   -39.206325186051465
2.400   2.800   -41.443924945453766
2.400   2.900   -43.34665196129845
2.400   3.000   -44.92344324476962
2.400   3.100   -46.23094810153316
2.400   3.200   -47.32740804573051
2.400   3.300   -48.262254469036115
2.400   3.400   -49.07464207034699
2.400   3.500   -49.795487939349925
2.400   3.600   -50.44344034662843
2.400   3.700   -51.0364714734165
2.400   3.800   -51.585791189199085
2.400   3.900   -52.096922056255785
2.400   4.000   -52.574977595781064
2.400   4.100   -53.023823329436794
2.400   4.200   -53.44571913534611
2.400   4.300   -53.838969115501136
2.400   4.400   -54.20876418582345
2.400   4.500   -54.55924710214555
2.400   4.600   -54.88848939420187
2.400   4.700   -55.20066789430726
2.400   4.800   -55.49799229239953
2.400   4.900   -55.78125571540697
2.400   5.000   -56.051485152354836
2.400   5.100   -56.306603660778855
2.400   5.200   -56.54992591359804
2.400   5.300   -56.78364652653863
2.400   5.400   -57.00480902970383
2.400   5.500   -57.215620881823575
2.400   5.600   -57.41922586599206
2.400   5.700   -57.61472203067502
2.400   5.800   -57.803113781304226
2.400   5.900   -57.985471587445744
2.400   6.000   -58.15943647351742
2.500   1.500   -50.081011339118525
2.500   1.600   -49.083831963562396
2.500   1.700   -48.00037075968296
2.500   1.800   -46.79708483750143
2.500   1.900   -45.430744542445616
2.500   2.000   -43.84406284375811
2.500   2.100   -41.96820527386959
2.500   2.200   -39.746189529224715
2.500   2.300   -37.22191376412592
2.500   2.400   -34.790234848366744
2.500   2.500   -33.47658663295084
2.500   2.600   -34.205946364577464
2.500   2.700   -36.43917086470777
2.500   2.800   -39.02834811071482
2.500   2.900   -41.37255617714961
2.500   3.000   -43.33048393472925
2.500   3.100   -44.93416527264835
2.500   3.200   -46.25318744049425
2.500   3.300   -47.356094469176604
2.500   3.400   -48.29601083955703
2.500   3.500   -49.113192987218994
2.500   3.600   -49.83793490941096
2.500   3.700   -50.49266961674241
2.500   3.800   -51.089583902864625
2.500   3.900   -51.63865656735942
2.500   4.000   -52.148016617460364
2.500   4.100   -52.61983376693127
2.500   4.200   -53.058102162116334
2.500   4.300   -53.466301066658914
2.500   4.400   -53.851171373290605
2.500   4.500   -54.214419027132784
2.500   4.600   -54.556165178292545
2.500   4.700   -54.883702049379224
2.500   4.800   -55.19648525162992
2.500   4.900   -55.49344300777339
2.500   5.000   -55.77664271395355
2.500   5.100   -56.04547970823775
2.500   5.200   -56.3020039860659
2.500   5.300   -56.54628383876179
2.500   5.400   -56.776206923571195
2.500   5.500   -56.99642574109179
2.500   5.600   -57.208619458943815
2.500   5.700   -57.41007245345918
2.500   5.800   -57.603943270389784
2.500   5.900   -57.79165725129644
2.500   6.000   -57.9697655090522
2.600   1.500   -50.68450501185389
2.600   1.600   -49.78358329219809
2.600   1.700   -48.81665293250244
2.600   1.800   -47.75881851465254
2.600   1.900   -46.575489208521255
2.600   2.000   -45.2199974748257
2.600   2.100   -43.630271240830524
2.600   2.200   -41.72795597448216
2.600   2.300   -39.44022958961
2.600   2.400   -36.795767271330874
2.600   2.500   -34.20589569447667
2.600   2.600   -32.81751427033816
2.600   2.700   -33.68054987174437
2.600   2.800   -36.135869179587345
2.600   2.900   -38.89166092334923
2.600   3.000   -41.32959673555495
2.600   3.100   -43.334037180230474
2.600   3.200   -44.958947239103416
2.600   3.300   -46.28878136967772
2.600   3.400   -47.3964734858699
2.600   3.500   -48.341124649189155
2.600   3.600   -49.16420244469691
2.600   3.700   -49.89356367837049
2.600   3.800   -50.54815545298701
2.600   3.900   -51.143503726453794
2.600   4.000   -51.68711484361854
2.600   4.100   -52.184066567577325
2.600   4.200   -52.64431406806753
2.600   4.300   -53.073173192144985
2.600   4.400   -53.47506477647509
2.600   4.500   -53.85443479211518
2.600   4.600   -54.21434833663899
2.600   4.700   -54.559931193026294
2.600   4.800   -54.88861122309572
2.600   4.900   -55.200363246027145
2.600   5.000   -55.49896693612577
2.600   5.100   -55.78214661954238
2.600   5.200   -56.05046177607659
2.600   5.300   -56.30455184784984
2.600   5.400   -56.54478490558763
2.600   5.500   -56.7743234714082
2.600   5.600   -56.993285905657125
2.600   5.700   -57.200855863314715
2.600   5.800   -57.40045608402382
2.600   5.900   -57.59279012952427
2.600   6.000   -57.77526482699314
2.700   1.500   -51.23129363997973
2.700   1.600   -50.411527219522355
2.700   1.700   -49.54297855457242
2.700   1.800   -48.60610756341544
2.700   1.900   -47.57423054884533
2.700   2.000   -46.412711311357306
2.700   2.100   -45.072007795846936
2.700   2.200   -43.48289657441506
2.700   2.300   -41.557380170117625
2.700   2.400   -39.206492960858036
2.700   2.500   -36.43900856869028
2.700   2.600   -33.68059591032534
2.700   2.700   -32.20506599502989
2.700   2.800   -33.199238063363474
2.700   2.900   -35.87099955910419
2.700   3.000   -38.78320948816266
2.700   3.100   -41.30643733755588
2.700   3.200   -43.351806803231355
2.700   3.300   -44.99492401973839
2.700   3.400   -46.333635689601856
2.700   3.500   -47.449337672742146
2.700   3.600   -48.39840950392625
2.700   3.700   -49.222573949159944
2.700   3.800   -49.95045473364692
2.700   3.900   -50.60011044967723
2.700   4.000   -51.18401724147413
2.700   4.100   -51.71445000446751
2.700   4.200   -52.203999848974455
2.700   4.300   -52.65676505899215
2.700   4.400   -53.08040414112571
2.700   4.500   -53.48237605258214
2.700   4.600   -53.86394204883598
2.700   4.700   -54.2282347872388
2.700   4.800   -54.574129986884884
2.700   4.900   -54.903148841048555
2.700   5.000   -55.218032643996764
2.700   5.100   -55.51475661702296
2.700   5.200   -55.79422013964359
2.700   5.300   -56.05971678844409
2.700   5.400   -56.31026447955369
2.700   5.500   -56.54753093991378
2.700   5.600   -56.773211524387214
2.700   5.700   -56.987210713744574
2.700   5.800   -57.192040971330066
2.700   5.900   -57.3892096504246
2.700   6.000   -57.57520044268488
2.800   1.500   -51.724993314936505
2.800   1.600   -50.975134189531126
2.800   1.700   -50.18941489720362
2.800   1.800   -49.35257055206785
2.800   1.900   -48.44576059742055
2.800   2.000   -47.44252278577956
2.800   2.100   -46.30491889466959
2.800   2.200   -44.980230975433955
2.800   2.300   -43.39285564925882
2.800   2.400   -41.44383519533352
2.800   2.500   -39.02833192572711
2.800   2.600   -36.135842284975254
2.800   2.700   -33.19930941798709
2.800   2.800   -31.62396358260454
2.800   2.900   -32.74764111869312
2.800   3.000   -35.63411917999764
2.800   3.100   -38.69618847864942
2.800   3.200   -41.297274955440116
2.800   3.300   -43.38004731952197
2.800   3.400   -45.04243745228143
2.800   3.500   -46.391013276206344
2.800   3.600   -47.50958581932741
2.800   3.700   -48.459188299306625
2.800   3.800   -49.278779324737854
2.800   3.900   -49.99570798324875
2.800   4.000   -50.63299053423254
2.800   4.100   -51.20775288299273
2.800   4.200   -51.732682493538334
2.800   4.300   -52.215914030275904
2.800   4.400   -52.66919158419333
2.800   4.500   -53.098249780812544
2.800   4.600   -53.5030308321674
2.800   4.700   -53.888232760150714
2.800   4.800   -54.25445946109429
2.800   4.900   -54.60239400662912
2.800   5.000   -54.9326446879421
2.800   5.100   -55.24231881669121
2.800   5.200   -55.5347371936961
2.800   5.300   -55.811952280693696
2.800   5.400   -56.07132150346715
2.800   5.500   -56.31615969804084
2.800   5.600   -56.549157218974294
2.800   5.700   -56.769095434235254
2.800   5.800   -56.97941612771341
2.800   5.900   -57.18074905554973
2.800   6.000   -57.37059240513647
2.900   1.500   -52.17339297642332
2.900   1.600   -51.48367026381203
2.900   1.700   -50.76750795984518
2.900   1.800   -50.01500555212229
2.900   1.900   -49.211084803564646
2.900   2.000   -48.335563374874596
2.900   2.100   -47.3610760636282
2.900   2.200   -46.246690552720274
2.900   2.300   -44.935156054760746
2.900   2.400   -43.346637403317466
2.900   2.500   -41.372540071980055
2.900   2.600   -38.89172010187422
2.900   2.700   -35.87128409134539
2.900   2.800   -32.74754612858781
2.900   2.900   -31.063709703644896
2.900   3.000   -32.31846512840537
2.900   3.100   -35.41846731578057
2.900   3.200   -38.62562601446696
2.900   3.300   -41.30324694537318
2.900   3.400   -43.42153820208827
2.900   3.500   -45.099020534494684
2.900   3.600   -46.45291643904642
2.900   3.700   -47.56996935224194
2.900   3.800   -48.50981856670529
2.900   3.900   -49.31781520927113
2.900   4.000   -50.02657604490314
2.900   4.100   -50.656789282653236
2.900   4.200   -51.22723273293533
2.900   4.300   -51.75150289784945
2.900   4.400   -52.24058429236929
2.900   4.500   -52.69979042933955
2.900   4.600   -53.13103545890929
2.900   4.700   -53.54098975388027
2.900   4.800   -53.92982200056438
2.900   4.900   -54.2961831953541
2.900   5.000   -54.641941433035704
2.900   5.100   -54.966588549914185
2.900   5.200   -55.27242335470076
2.900   5.300   -55.559903136370785
2.900   5.400   -55.82817805799406
2.900   5.500   -56.08150130949692
2.900   5.600   -56.321288642322486
2.900   5.700   -56.54753911995899
2.900   5.800   -56.76269750249669
2.900   5.900   -56.96855976270503
2.900   6.000   -57.16266943798473
3.000   1.500   -52.58205469364066
3.000   1.600   -51.94386283189478
3.000   1.700   -51.2883583992418
3.000   1.800   -50.606827506066374
3.000   1.900   -49.88760214299639
3.000   2.000   -49.11649220915353
3.000   2.100   -48.27126773251574
3.000   2.200   -47.32131412300412
3.000   2.300   -46.225539299807124
3.000   2.400   -44.923473027665565
3.000   2.500   -43.33047613813496
3.000   2.600   -41.32971642618382
3.000   2.700   -38.78311775817063
3.000   2.800   -35.63408808618757
3.000   2.900   -32.318466527926034
3.000   3.000   -30.51621396268094
3.000   3.100   -31.90615638771309
3.000   3.200   -35.22420611478805
3.000   3.300   -38.57353640268565
3.000   3.400   -41.3212617223546
3.000   3.500   -43.47084401624883
3.000   3.600   -45.15784665794215
3.000   3.700   -46.50796012135214
3.000   3.800   -47.61579189988318
3.000   3.900   -48.54870129506439
3.000   4.000   -49.350615834465955
3.000   4.100   -50.05364953172685
3.000   4.200   -50.685073669353336
3.000   4.300   -51.260236656784315
3.000   4.400   -51.79102039039651
3.000   4.500   -52.28541794953918
3.000   4.600   -52.74843044181706
3.000   4.700   -53.186533855339434
3.000   4.800   -53.59819353832363
3.000   4.900   -53.98368267306332
3.000   5.000   -54.34738735974581
3.000   5.100   -54.688020709474785
3.000   5.200   -55.00617370240928
3.000   5.300   -55.30429760790959
3.000   5.400   -55.58236019294293
3.000   5.500   -55.84376840582026
3.000   5.600   -56.090885878201874
3.000   5.700   -56.32285003925697
3.000   5.800   -56.54336162180871
3.000   5.900   -56.75431046962989
3.000   6.000   -56.95161152321216
3.100   1.500   -52.95801114843627
3.100   1.600   -52.3660519267846
3.100   1.700   -51.762846304085414
3.100   1.800   -51.14149209183158
3.100   1.900   -50.49391831868054
3.100   2.000   -49.80723825731006
3.100   2.100   -49.06452720822208
3.100   2.200   -48.24393115751808
3.100   2.300   -47.31372691424505
3.100   2.400   -46.23099145293674
3.100   2.500   -44.934156885526946
3.100   2.600   -43.33404549215919
3.100   2.700   -41.30644517762952
3.100   2.800   -38.69599964425279
3.100   2.900   -35.418592027046344
3.100   3.000   -31.906179627139498
3.100   3.100   -29.981820062485486
3.100   3.200   -31.51218108259402
3.100   3.300   -35.04865050851244
3.100   3.400   -38.53565336100518
3.100   3.500   -41.346782961265795
3.100   3.600   -43.516972429216324
3.100   3.700   -45.20640525318728
3.100   3.800   -46.554347997199955
3.100   3.900   -47.658462724533315
3.100   4.000   -48.587137348151984
3.100   4.100   -49.38908309870587
3.100   4.200   -50.098668558098595
3.100   4.300   -50.73548043309103
3.100   4.400   -51.316441687360474
3.100   4.500   -51.85415341222231
3.100   4.600   -52.35409553272411
3.100   4.700   -52.822088931155726
3.100   4.800   -53.25839427535959
3.100   4.900   -53.66616448557017
3.100   5.000   -54.04965763403489
3.100   5.100   -54.405509898701965
3.100   5.200   -54.73674424457997
3.100   5.300   -55.04668783677915
3.100   5.400   -55.33446017660647
3.100   5.500   -55.60456334759807
3.100   5.600   -55.858670009231595
3.100   5.700   -56.09699442493773
3.100   5.800   -56.32342208086104
3.100   5.900   -56.53830088498541
3.100   6.000   -56.74015020680609
3.200   1.500   -53.30768680174921
3.200   1.600   -52.75674926127022
3.200   1.700   -52.199095916283746
3.200   1.800   -51.63048480572502
3.200   1.900   -51.04232000984847
3.200   2.000   -50.42472986356287
3.200   2.100   -49.765215784782484
3.200   2.200   -49.04568408054173
3.200   2.300   -48.24345346212592
3.200   2.400   -47.32739095562634
3.200   2.500   -46.25317260122727
3.200   2.600   -44.95895568389857
3.200   2.700   -43.351819236361194
3.200   2.800   -41.297324285746534
3.200   2.900   -38.625544067301
3.200   3.000   -35.2242261966419
3.200   3.100   -31.512122378540393
3.200   3.200   -29.457964960128063
3.200   3.300   -31.133188078425476
3.200   3.400   -34.887357484198155
3.200   3.500   -38.501822409628886
3.200   3.600   -41.36768044749895
3.200   3.700   -43.55953594175806
3.200   3.800   -45.25538072302879
3.200   3.900   -46.603804507135095
3.200   4.000   -47.71033004146068
3.200   4.100   -48.64458546838924
3.200   4.200   -49.45405875564026
3.200   4.300   -50.16858312420554
3.200   4.400   -50.81265189821337
3.200   4.500   -51.40200196820554
3.200   4.600   -51.94346089132951
3.200   4.700   -52.44483740626228
3.200   4.800   -52.910436937420464
3.200   4.900   -53.343506258754246
3.200   5.000   -53.74658594419644
3.200   5.100   -54.119144552552214
3.200   5.200   -54.46519384384353
3.200   5.300   -54.78718839553318
3.200   5.400   -55.08579019179366
3.200   5.500   -55.364244448198725
3.200   5.600   -55.626162564668064
3.200   5.700   -55.87152750423255
3.200   5.800   -56.10297743908451
3.200   5.900   -56.32334569121822
3.200   6.000   -56.530677683125504
3.300   1.500   -53.63848211541355
3.300   1.600   -53.124010044502796
3.300   1.700   -52.60769731751686
3.300   1.800   -52.083977011669866
3.300   1.900   -51.54579185930199
3.300   2.000   -50.986031382434845
3.300   2.100   -50.39309098078577
3.300   2.200   -49.75404290405832
3.300   2.300   -49.0515374010037
3.300   2.400   -48.26225812936763
3.300   2.500   -47.356080178489584
3.300   2.600   -46.288816557196334
3.300   2.700   -44.994924234764625
3.300   2.800   -43.38008468953653
3.300   2.900   -41.30319178357166
3.300   3.000   -38.573509065301074
3.300   3.100   -35.048740969306216
3.300   3.200   -31.13327986666943
3.300   3.300   -28.93991472955396
3.300   3.400   -30.760111988349834
3.300   3.500   -34.73055370820733
3.300   3.600   -38.472419004817446
3.300   3.700   -41.39572159143105
3.300   3.800   -43.61030712811836
3.300   3.900   -45.31804443739332
3.300   4.000   -46.67645664340392
3.300   4.100   -47.79029749091204
3.300   4.200   -48.73183704140816
3.300   4.300   -49.54757979156455
3.300   4.400   -50.27095613419396
3.300   4.500   -50.92172773993238
3.300   4.600   -51.51129055516252
3.300   4.700   -52.05343397823166
3.300   4.800   -52.55294995407248
3.300   4.900   -53.0126100804438
3.300   5.000   -53.437789867906275
3.300   5.100   -53.82943751424401
3.300   5.200   -54.191110730467265
3.300   5.300   -54.52682852533505
3.300   5.400   -54.83633430545997
3.300   5.500   -55.12447151449837
3.300   5.600   -55.395003694208924
3.300   5.700   -55.64670668914909
3.300   5.800   -55.88472140233132
3.300   5.900   -56.11154326712665
3.300   6.000   -56.32354381322724
3.400   1.500   -53.95487805896831
3.400   1.600   -53.474673564064965
3.400   1.700   -52.99438874619819
3.400   1.800   -52.50934947876337
3.400   1.900   -52.014513310405654
3.400   2.000   -51.50222673808597
3.400   2.100   -50.9640278356032
3.400   2.200   -50.389751807799236
3.400   2.300   -49.76528792295959
3.400   2.400   -49.07490311423959
3.400   2.500   -48.29597443727612
3.400   2.600   -47.39650630295417
3.400   2.700   -46.33362563471181
3.400   2.800   -45.042414776525554
3.400   2.900   -43.42159531707842
3.400   3.000   -41.32125325778559
3.400   3.100   -38.53560499687133
3.400   3.200   -34.8879217452236
3.400   3.300   -30.759659825255167
3.400   3.400   -28.419452905470965
3.400   3.500   -30.393929527260173
3.400   3.600   -34.58955443110354
3.400   3.700   -38.46030173615879
3.400   3.800   -41.44423979817095
3.400   3.900   -43.689279807469546
3.400   4.000   -45.413413542333814
3.400   4.100   -46.780755473701035
3.400   4.200   -47.90391891795618
3.400   4.300   -48.85343946707422
3.400   4.400   -49.676267769801186
3.400   4.500   -50.402564214188196
3.400   4.600   -51.052755813245774
3.400   4.700   -51.643509044054206
3.400   4.800   -52.18103343808409
3.400   4.900   -52.67152196504539
3.400   5.000   -53.12263742206519
3.400   5.100   -53.535348658551804
3.400   5.200   -53.91499432879575
3.400   5.300   -54.26516701002964
3.400   5.400   -54.58694782975437
3.400   5.500   -54.88614678816346
3.400   5.600   -55.164824795460504
3.400   5.700   -55.42474281382034
3.400   5.800   -55.67061760314799
3.400   5.900   -55.90328708373458
3.400   6.000   -56.12020014383004
3.500   1.500   -54.26412910196212
3.500   1.600   -53.814184481281174
3.500   1.700   -53.36561946075166
3.500   1.800   -52.91518962879209
3.500   1.900   -52.45672495796176
3.500   2.000   -51.984443164335005
3.500   2.100   -51.4918872932084
3.500   2.200   -50.96945504583499
3.500   2.300   -50.40831396439706
3.500   2.400   -49.79551306787339
3.500   2.500   -49.113201068626196
3.500   2.600   -48.341116728921534
3.500   2.700   -47.44930261282851
3.500   2.800   -46.39104289579453
3.500   2.900   -45.099046454839645
3.500   3.000   -43.47090045149823
3.500   3.100   -41.34677715732111
3.500   3.200   -38.50182260939108
3.500   3.300   -34.73054634566942
3.500   3.400   -30.39398919077944
3.500   3.500   -27.908257514096746
3.500   3.600   -30.050081546749738
3.500   3.700   -34.48027212147849
3.500   3.800   -38.48566181805839
3.500   3.900   -41.532598957006
3.500   4.000   -43.805787193008854
3.500   4.100   -45.54508794647117
3.500   4.200   -46.92462147893613
3.500   4.300   -48.05463535805388
3.500   4.400   -49.0077908584188
3.500   4.500   -49.8327947021839
3.500   4.600   -50.55881966439517
3.500   4.700   -51.207356842784144
3.500   4.800   -51.79039931755113
3.500   4.900   -52.31800997975086
3.500   5.000   -52.79874350335189
3.500   5.100   -53.23622144353653
3.500   5.200   -53.635604722235776
3.500   5.300   -54.00241351238836
3.500   5.400   -54.33855178471269
3.500   5.500   -54.6487292053876
3.500   5.600   -54.9379264153254
3.500   5.700   -55.207548790823644
3.500   5.800   -55.460722773623
3.500   5.900   -55.69970374031675
3.500   6.000   -55.922483757809765
3.600   1.500   -54.56749772032693
3.600   1.600   -54.14482484816772
3.600   1.700   -53.72541128548475
3.600   1.800   -53.304386897992494
3.600   1.900   -52.87732744806694
3.600   2.000   -52.439638771887836
3.600   2.100   -51.98428509528275
3.600   2.200   -51.50567714531366
3.600   2.300   -50.995848067881035
3.600   2.400   -50.443485407892354
3.600   2.500   -49.83794042758874
3.600   2.600   -49.16417924522294
3.600   2.700   -48.39844455135113
3.600   2.800   -47.50953488303121
3.600   2.900   -46.45295279880198
3.600   3.000   -45.15784547145297
3.600   3.100   -43.516909977048556
3.600   3.200   -41.367702801149115
3.600   3.300   -38.47242831833244
3.600   3.400   -34.589551119271775
3.600   3.500   -30.05008291977517
3.600   3.600   -27.42388352143242
3.600   3.700   -29.74956487615165
3.600   3.800   -34.42118011257922
3.600   3.900   -38.558162177552916
3.600   4.000   -41.663982725270806
3.600   4.100   -43.965317479591945
3.600   4.200   -45.71918662253802
3.600   4.300   -47.103531601264955
3.600   4.400   -48.236613173101524
3.600   4.500   -49.19220221770429
3.600   4.600   -50.0140752803214
3.600   4.700   -50.735206447412175
3.600   4.800   -51.37496786422459
3.600   4.900   -51.946934961213515
3.600   5.000   -52.46354679234139
3.600   5.100   -52.92933527142244
3.600   5.200   -53.35188495188173
3.600   5.300   -53.73824061780284
3.600   5.400   -54.08953001962261
3.600   5.500   -54.41353190558337
3.600   5.600   -54.71520603196551
3.600   5.700   -54.99431828510458
3.600   5.800   -55.25562808162245
3.600   5.900   -55.50210240101796
3.600   6.000   -55.73218180752411
3.700   1.500   -54.86731551638403
3.700   1.600   -54.47019845384909
3.700   1.700   -54.07585003620608
3.700   1.800   -53.681038824679256
3.700   1.900   -53.2817118295431
3.700   2.000   -52.87247028595126
3.700   2.100   -52.449675973755134
3.700   2.200   -52.0077645769355
3.700   2.300   -51.53867450730688
3.700   2.400   -51.036475826266596
3.700   2.500   -50.49266334883484
3.700   2.600   -49.8934573423794
3.700   2.700   -49.2225900435753
3.700   2.800   -48.45917672310169
3.700   2.900   -47.570041234746554
3.700   3.000   -46.5079560294649
3.700   3.100   -45.20645158535508
3.700   3.200   -43.559554707205045
3.700   3.300   -41.39571904586511
3.700   3.400   -38.46027542837346
3.700   3.500   -34.48026180944159
3.700   3.600   -29.74972041620292
3.700   3.700   -26.98553071927445
3.700   3.800   -29.503432280813563
3.700   3.900   -34.4171142675347
3.700   4.000   -38.68207701998558
3.700   4.100   -41.842555948594324
3.700   4.200   -44.16524711709904
3.700   4.300   -45.92658275643935
3.700   4.400   -47.31520424615846
3.700   4.500   -48.44811004680309
3.700   4.600   -49.3973549493251
3.700   4.700   -50.213115170666015
3.700   4.800   -50.924054186162955
3.700   4.900   -51.55133619852322
3.700   5.000   -52.11081484359583
3.700   5.100   -52.6107189237956
3.700   5.200   -53.06139959307144
3.700   5.300   -53.469448434082466
3.700   5.400   -53.83967655705069
3.700   5.500   -54.180267101845665
3.700   5.600   -54.49471807521091
3.700   5.700   -54.784625745131095
3.700   5.800   -55.05556810798261
3.700   5.900   -55.31108229649398
3.700   6.000   -55.550840050637795
3.800   1.500   -55.16455463165746
3.800   1.600   -54.78960988647843
3.800   1.700   -54.41785683806514
3.800   1.800   -54.04644165066678
3.800   1.900   -53.67028743172847
3.800   2.000   -53.2868957227104
3.800   2.100   -52.89199626702746
3.800   2.200   -52.4796093064254
3.800   2.300   -52.04578509484523
3.800   2.400   -51.58560952210246
3.800   2.500   -51.08958023279073
3.800   2.600   -50.54810694901961
3.800   2.700   -49.9503879272125
3.800   2.800   -49.27868139179712
3.800   2.900   -48.509818067386526
3.800   3.000   -47.61580325808425
3.800   3.100   -46.554346035425304
3.800   3.200   -45.25536496112644
3.800   3.300   -43.610123303214166
3.800   3.400   -41.444223301282456
3.800   3.500   -38.485663950079
3.800   3.600   -34.42118065725644
3.800   3.700   -29.50335777796951
3.800   3.800   -26.599165881045067
3.800   3.900   -29.316519620207472
3.800   4.000   -34.47099002369854
3.800   4.100   -38.85381607611436
3.800   4.200   -42.06073126592409
3.800   4.300   -44.400294492337956
3.800   4.400   -46.16628952736743
3.800   4.500   -47.55240114353926
3.800   4.600   -48.67784692320704
3.800   4.700   -49.61943361648341
3.800   4.800   -50.42352341500114
3.800   4.900   -51.12042856253646
3.800   5.000   -51.7334874709326
3.800   5.100   -52.275584699759456
3.800   5.200   -52.758771804961015
3.800   5.300   -53.19419633007173
3.800   5.400   -53.58742420080107
3.800   5.500   -53.945891971646965
3.800   5.600   -54.27507472022925
3.800   5.700   -54.57793363245153
3.800   5.800   -54.86077081187089
3.800   5.900   -55.12810183880753
3.800   6.000   -55.37691895431907
3.900   1.500   -55.458342657938836
3.900   1.600   -55.10364065702402
3.900   1.700   -54.75262192292261
3.900   1.800   -54.40083537974238
3.900   1.900   -54.04613624594995
3.900   2.000   -53.68534490886042
3.900   2.100   -53.31316025268028
3.900   2.200   -52.92724391988816
3.900   2.300   -52.5241974708574
3.900   2.400   -52.09667289257672
3.900   2.500   -51.63871372808384
3.900   2.600   -51.14347223129803
3.900   2.700   -50.60010255421366
3.900   2.800   -49.995674215255946
3.900   2.900   -49.31794002462429
3.900   3.000   -48.548698033968186
3.900   3.100   -47.658525803017724
3.900   3.200   -46.603881174334624
3.900   3.300   -45.31804509455602
3.900   3.400   -43.689309721323916
3.900   3.500   -41.532466582951905
3.900   3.600   -38.558164902875916
3.900   3.700   -34.417272288048515
3.900   3.800   -29.316537740185506
3.900   3.900   -26.268787139067125
3.900   4.000   -29.186023629857488
3.900   4.100   -34.574259381732546
3.900   4.200   -39.068425341509254
3.900   4.300   -42.314588113596194
3.900   4.400   -44.66406249722061
3.900   4.500   -46.4283570095594
3.900   4.600   -47.80625324352017
3.900   4.700   -48.92269376661665
3.900   4.800   -49.85078484906446
3.900   4.900   -50.638774659323914
3.900   5.000   -51.32051449551972
3.900   5.100   -51.914406330030836
3.900   5.200   -52.439335269537345
3.900   5.300   -52.90835512784126
3.900   5.400   -53.32764922295835
3.900   5.500   -53.70722280370819
3.900   5.600   -54.054335919856186
3.900   5.700   -54.373030677354784
3.900   5.800   -54.670795800840494
3.900   5.900   -54.94999531915636
3.900   6.000   -55.207652181811135
4.000   1.500   -55.748803131900836
4.000   1.600   -55.412878658639556
4.000   1.700   -55.07916595928972
4.000   1.800   -54.746158716471825
4.000   1.900   -54.41064363684272
4.000   2.000   -54.068143065123465
4.000   2.100   -53.71705681475246
4.000   2.200   -53.35494750527713
4.000   2.300   -52.97588767818152
4.000   2.400   -52.57491099616269
4.000   2.500   -52.14802008635553
4.000   2.600   -51.68719699601052
4.000   2.700   -51.184068611118434
4.000   2.800   -50.6329988114992
4.000   2.900   -50.026585210923656
4.000   3.000   -49.35061568090058
4.000   3.100   -48.587124078536
4.000   3.200   -47.71037092173939
4.000   3.300   -46.67610765875669
4.000   3.400   -45.41337160713146
4.000   3.500   -43.805738535100254
4.000   3.600   -41.66399697912758
4.000   3.700   -38.68209365748815
4.000   3.800   -34.470922218164056
4.000   3.900   -29.186068380579382
4.000   4.000   -25.986090163426034
4.000   4.100   -29.106163150461512
4.000   4.200   -34.72416753864625
4.000   4.300   -39.31796488897433
4.000   4.400   -42.59532265789474
4.000   4.500   -44.948725160010106
4.000   4.600   -46.705998334710166
4.000   4.700   -48.073403965790426
4.000   4.800   -49.17408724370455
4.000   4.900   -50.085163204309644
4.000   5.000   -50.855934165060546
4.000   5.100   -51.51777713454214
4.000   5.200   -52.09536174087028
4.000   5.300   -52.60442009255145
4.000   5.400   -53.05542687653591
4.000   5.500   -53.4610266740463
4.000   5.600   -53.83031238675474
4.000   5.700   -54.168844294125336
4.000   5.800   -54.48242494305342
4.000   5.900   -54.77367846987844
4.000   6.000   -55.04340683434239
4.100   1.500   -56.0351979017504
4.100   1.600   -55.71505235382529
4.100   1.700   -55.39759751563741
4.100   1.800   -55.08187226898028
4.100   1.900   -54.76194665871515
4.100   2.000   -54.43707061392375
4.100   2.100   -54.10552308228774
4.100   2.200   -53.76193796779893
4.100   2.300   -53.40233688653575
4.100   2.400   -53.02379437788115
4.100   2.500   -52.61980767388306
4.100   2.600   -52.18416665685126
4.100   2.700   -51.714443555444134
4.100   2.800   -51.2078299795509
4.100   2.900   -50.65676397833326
4.100   3.000   -50.05368245415604
4.100   3.100   -49.38910734928748
4.100   3.200   -48.64469375441786
4.100   3.300   -47.79041196968444
4.100   3.400   -46.780756427500485
4.100   3.500   -45.54497340742321
4.100   3.600   -43.9653180155097
4.100   3.700   -41.84255866611186
4.100   3.800   -38.85385616272137
4.100   3.900   -34.57425486583488
4.100   4.000   -29.106212303872876
4.100   4.100   -25.749153669137705
4.100   4.200   -29.071771166228462
4.100   4.300   -34.91042955142559
4.100   4.400   -39.59538427690619
4.100   4.500   -42.89715120060073
4.100   4.600   -45.24867408254712
4.100   4.700   -46.994344943417765
4.100   4.800   -48.34521866050129
4.100   4.900   -49.42692745087162
4.100   5.000   -50.31961136311605
4.100   5.100   -51.07117102439468
4.100   5.200   -51.71478713347398
4.100   5.300   -52.274295712145936
4.100   5.400   -52.76531070411293
4.100   5.500   -53.2034870150533
4.100   5.600   -53.60057279725634
4.100   5.700   -53.96102599166912
4.100   5.800   -54.291735392584314
4.100   5.900   -54.59880816670189
4.100   6.000   -54.8839026717692
4.200   1.500   -56.31750384537445
4.200   1.600   -56.01299305189186
4.200   1.700   -55.71151777458378
4.200   1.800   -55.40884190382785
4.200   1.900   -55.10400652845739
4.200   2.000   -54.795896421679934
4.200   2.100   -54.47939589477994
4.200   2.200   -54.15089109327781
4.200   2.300   -53.808239506569144
4.200   2.400   -53.44572753995756
4.200   2.500   -53.05795599527744
4.200   2.600   -52.64413399383592
4.200   2.700   -52.20389916717869
4.200   2.800   -51.732670028839706
4.200   2.900   -51.22728200623292
4.200   3.000   -50.6850713358938
4.200   3.100   -50.098667799291334
4.200   3.200   -49.45404545532278
4.200   3.300   -48.73184938908256
4.200   3.400   -47.90389776579902
4.200   3.500   -46.924633828229446
4.200   3.600   -45.71907346069285
4.200   3.700   -44.16524379243161
4.200   3.800   -42.06072452113124
4.200   3.900   -39.06848559244792
4.200   4.000   -34.72412909514836
4.200   4.100   -29.071778998381003
4.200   4.200   -25.548580204382024
4.200   4.300   -29.07323478449586
4.200   4.400   -35.1281563309254
4.200   4.500   -39.895602004892204
4.200   4.600   -43.21242890641763
4.200   4.700   -45.556892208955425
4.200   4.800   -47.285723450117914
4.200   4.900   -48.61669961892521
4.200   5.000   -49.68024657978572
4.200   5.100   -50.551568735234056
4.200   5.200   -51.282412664334885
4.200   5.300   -51.90763967607022
4.200   5.400   -52.449809473531374
4.200   5.500   -52.9295234444067
4.200   5.600   -53.358787524678085
4.200   5.700   -53.74409357435646
4.200   5.800   -54.096671828928606
4.200   5.900   -54.42416289029358
4.200   6.000   -54.72641380834153
4.300   1.500   -56.594716000840116
4.300   1.600   -56.304863650536475
4.300   1.700   -56.015584416447666
4.300   1.800   -55.726656509254006
4.300   1.900   -55.436665170570414
4.300   2.000   -55.14103618790564
4.300   2.100   -54.83677444281246
4.300   2.200   -54.52167852947116
4.300   2.300   -54.190699375783154
4.300   2.400   -53.83897463382345
4.300   2.500   -53.46627065848704
4.300   2.600   -53.07316628337947
4.300   2.700   -52.65674321180132
4.300   2.800   -52.215991704294254
4.300   2.900   -51.7515305724592
4.300   3.000   -51.26022728790829
4.300   3.100   -50.73559299533161
4.300   3.200   -50.16851434839338
4.300   3.300   -49.54756230268763
4.300   3.400   -48.85342564942756
4.300   3.500   -48.05465075720428
4.300   3.600   -47.10351431408715
4.300   3.700   -45.92640790036642
4.300   3.800   -44.40030103892969
4.300   3.900   -42.31457356480834
4.300   4.000   -39.3179542755885
4.300   4.100   -34.91046045203585
4.300   4.200   -29.073253897011607
4.300   4.300   -25.379531620400666
4.300   4.400   -29.109405172326277
4.300   4.500   -35.37148065739762
4.300   4.600   -40.20987216851936
4.300   4.700   -43.536425350983315
4.300   4.800   -45.867905175121855
4.300   4.900   -47.57810950158073
4.300   5.000   -48.88856455573694
4.300   5.100   -49.927885434540435
4.300   5.200   -50.77785187818181
4.300   5.300   -51.490699023527085
4.300   5.400   -52.099884774662115
4.300   5.500   -52.6301598358072
4.300   5.600   -53.097785759590955
4.300   5.700   -53.51531449363087
4.300   5.800   -53.89588512240595
4.300   5.900   -54.246615667736215
4.300   6.000   -54.56745270624272
4.400   1.500   -56.86851061001753
4.400   1.600   -56.589896158639455
4.400   1.700   -56.31329306903902
4.400   1.800   -56.03777468381029
4.400   1.900   -55.75877696254973
4.400   2.000   -55.47334728652131
4.400   2.100   -55.17998126753958
4.400   2.200   -54.87365492063157
4.400   2.300   -54.54984457597533
4.400   2.400   -54.20863133745698
4.400   2.500   -53.851197719264924
4.400   2.600   -53.47510110171311
4.400   2.700   -53.08035824207474
4.400   2.800   -52.669237174725914
4.400   2.900   -52.240593362122354
4.400   3.000   -51.790960100459415
4.400   3.100   -51.31654921923621
4.400   3.200   -50.812685332941534
4.400   3.300   -50.271267027051955
4.400   3.400   -49.6763054655062
4.400   3.500   -49.0078108822231
4.400   3.600   -48.23659487566471
4.400   3.700   -47.31524232025528
4.400   3.800   -46.16626368426771
4.400   3.900   -44.66408703828131
4.400   4.000   -42.59534781070187
4.400   4.100   -39.59538997657559
4.400   4.200   -35.128007386380126
4.400   4.300   -29.1093847159978
4.400   4.400   -25.23841024434823
4.400   4.500   -29.170969357463363
4.400   4.600   -35.63267874195072
4.400   4.700   -40.53540234015086
4.400   4.800   -43.8655596869222
4.400   4.900   -46.180334997205335
4.400   5.000   -47.86758756138498
4.400   5.100   -49.15309465444697
4.400   5.200   -50.17116485932721
4.400   5.300   -51.003990397460875
4.400   5.400   -51.69962367310034
4.400   5.500   -52.293509083449955
4.400   5.600   -52.8115724880086
4.400   5.700   -53.270445945407936
4.400   5.800   -53.6848720798315
4.400   5.900   -54.06138484742981
4.400   6.000   -54.40231384209013
4.500   1.500   -57.13572076978091
4.500   1.600   -56.869190215499756
4.500   1.700   -56.605125138788125
4.500   1.800   -56.33937002652541
4.500   1.900   -56.06919438591335
4.500   2.000   -55.79314526458389
4.500   2.100   -55.5064031932643
4.500   2.200   -55.20500813577179
4.500   2.300   -54.88872081281118
4.500   2.400   -54.55932652510941
4.500   2.500   -54.214300731312385
4.500   2.600   -53.8544541541602
4.500   2.700   -53.48237360481583
4.500   2.800   -53.098280937962556
4.500   2.900   -52.699768841463744
4.500   3.000   -52.285387169711335
4.500   3.100   -51.854143775213984
4.500   3.200   -51.402198446064716
4.500   3.300   -50.92172646420069
4.500   3.400   -50.40264889416462
4.500   3.500   -49.83276349571486
4.500   3.600   -49.19219850631922
4.500   3.700   -48.44814478709719
4.500   3.800   -47.55239390466021
4.500   3.900   -46.42843912532348
4.500   4.000   -44.948957306233716
4.500   4.100   -42.89715437283022
4.500   4.200   -39.89559491966527
4.500   4.300   -35.37152971182406
4.500   4.400   -29.170959920838765
4.500   4.500   -25.117458479098847
4.500   4.600   -29.255985127086383
4.500   4.700   -35.91184466948685
4.500   4.800   -40.86821504719708
4.500   4.900   -44.19365244639639
4.500   5.000   -46.48839286506938
4.500   5.100   -48.15154468921202
4.500   5.200   -49.41615524952231
4.500   5.300   -50.41529678557123
4.500   5.400   -51.22705972490845
4.500   5.500   -51.90707440033376
4.500   5.600   -52.49143028429349
4.500   5.700   -53.00148793460581
4.500   5.800   -53.454720847656105
4.500   5.900   -53.86188020628351
4.500   6.000   -54.22730335415753
4.600   1.500   -57.39523085100913
4.600   1.600   -57.140708822651334
4.600   1.700   -56.88593805884563
4.600   1.800   -56.6280469278914
4.600   1.900   -56.365827907425604
4.600   2.000   -56.09487365406892
4.600   2.100   -55.81118912887831
4.600   2.200   -55.515298439116236
4.600   2.300   -55.208329753014574
4.600   2.400   -54.88854030685041
4.600   2.500   -54.55614794274647
4.600   2.600   -54.214475996912284
4.600   2.700   -53.86393378009751
4.600   2.800   -53.503021913956054
4.600   2.900   -53.13103237355178
4.600   3.000   -52.74836450653087
4.600   3.100   -52.35409924977536
4.600   3.200   -51.94345164794811
4.600   3.300   -51.51130405087693
4.600   3.400   -51.05277988609393
4.600   3.500   -50.558831593291686
4.600   3.600   -50.01408222739153
4.600   3.700   -49.397399345563045
4.600   3.800   -48.677825089516766
4.600   3.900   -47.80616429539745
4.600   4.000   -46.705938045380144
4.600   4.100   -45.24848992301957
4.600   4.200   -43.21241136998517
4.600   4.300   -40.2099057627104
4.600   4.400   -35.63267024876165
4.600   4.500   -29.256016673035514
4.600   4.600   -25.0187666310489
4.600   4.700   -29.361950845786197
4.600   4.800   -36.199943747679775
4.600   4.900   -41.20183811524326
4.600   5.000   -44.52126988467093
4.600   5.100   -46.794716952669816
4.600   5.200   -48.4354406628052
4.600   5.300   -49.67676290952127
4.600   5.400   -50.65401899540383
4.600   5.500   -51.45236316421999
4.600   5.600   -52.123153250424586
4.600   5.700   -52.69716506213539
4.600   5.800   -53.198325545322845
4.600   5.900   -53.64282731942207
4.600   6.000   -54.0402801967248
4.700   1.500   -57.64924038684529
4.700   1.600   -57.403518412910806
4.700   1.700   -57.15579950419229
4.700   1.800   -56.90521923276432
4.700   1.900   -56.647182699647026
4.700   2.000   -56.37790193962341
4.700   2.100   -56.09830868518681
4.700   2.200   -55.809668341950925
4.700   2.300   -55.510379386450765
4.700   2.400   -55.20076286168999
4.700   2.500   -54.883631460616705
4.700   2.600   -54.55998436139766
4.700   2.700   -54.22826977646956
4.700   2.800   -53.88819389455039
4.700   2.900   -53.54096782580162
4.700   3.000   -53.18653824418141
4.700   3.100   -52.82204936748626
4.700   3.200   -52.44482801084766
4.700   3.300   -52.05341421090931
4.700   3.400   -51.6435577772133
4.700   3.500   -51.20735922229593
4.700   3.600   -50.73521701945792
4.700   3.700   -50.213099413967285
4.700   3.800   -49.6194410539972
4.700   3.900   -48.922690509799004
4.700   4.000   -48.07335234507019
4.700   4.100   -46.994379540033435
4.700   4.200   -45.55690186975599
4.700   4.300   -43.536443083940156
4.700   4.400   -40.53535806495551
4.700   4.500   -35.91184130911663
4.700   4.600   -29.361902613767136
4.700   4.700   -24.933200082729908
4.700   4.800   -29.48133327452217
4.700   4.900   -36.497529610523976
4.700   5.000   -41.54059849179645
4.700   5.100   -44.84871417999962
4.700   5.200   -47.0979217487154
4.700   5.300   -48.714327002503616
4.700   5.400   -49.93528141704688
4.700   5.500   -50.89908271641144
4.700   5.600   -51.68520979664154
4.700   5.700   -52.34197349732312
4.700   5.800   -52.90488285922833
4.700   5.900   -53.398846074613715
4.700   6.000   -53.83649829826782
4.800   1.500   -57.89294659136914
4.800   1.600   -57.65314897064581
4.800   1.700   -57.41221477005426
4.800   1.800   -57.16502868002243
4.800   1.900   -56.907783222931855
4.800   2.000   -56.64151541792274
4.800   2.100   -56.367905795970614
4.800   2.200   -56.0854389337198
4.800   2.300   -55.794567917507436
4.800   2.400   -55.4981505987959
4.800   2.500   -55.19648264998025
4.800   2.600   -54.88862768448378
4.800   2.700   -54.57413859741618
4.800   2.800   -54.25441339278025
4.800   2.900   -53.92982522575542
4.800   3.000   -53.59820644391564
4.800   3.100   -53.258404913289276
4.800   3.200   -52.91055295629871
4.800   3.300   -52.55295540685776
4.800   3.400   -52.181039602872744
4.800   3.500   -51.7903969938918
4.800   3.600   -51.37500470297579
4.800   3.700   -50.924026584172985
4.800   3.800   -50.42357038756435
4.800   3.900   -49.85073927989573
4.800   4.000   -49.174093988959925
4.800   4.100   -48.34519998363192
4.800   4.200   -47.2857173574576
4.800   4.300   -45.868133896305494
4.800   4.400   -43.86558421951252
4.800   4.500   -40.868212835011434
4.800   4.600   -36.19991282752693
4.800   4.700   -29.481317867638584
4.800   4.800   -24.863240931073474
4.800   4.900   -29.619203623612073
4.800   5.000   -36.804939678603624
4.800   5.100   -41.87823823126831
4.800   5.200   -45.171976642164864
4.800   5.300   -47.40024477334277
4.800   5.400   -48.99582960464416
4.800   5.500   -50.199496600451425
4.800   5.600   -51.146497250301465
4.800   5.700   -51.9160133541836
4.800   5.800   -52.562894139924396
4.800   5.900   -53.12108520586601
4.800   6.000   -53.606115440146716
4.900   1.500   -58.12149611948409
4.900   1.600   -57.88879489879452
4.900   1.700   -57.65077369400577
4.900   1.800   -57.40390666438841
4.900   1.900   -57.14866027459392
4.900   2.000   -56.88738181908823
4.900   2.100   -56.618763532350975
4.900   2.200   -56.34328963581164
4.900   2.300   -56.06401098518445
4.900   2.400   -55.78125773505772
4.900   2.500   -55.49341325887457
4.900   2.600   -55.200298213371205
4.900   2.700   -54.90312006731307
4.900   2.800   -54.6022703602462
4.900   2.900   -54.29621304156106
4.900   3.000   -53.98365395356141
4.900   3.100   -53.666330688326276
4.900   3.200   -53.343513305589845
4.900   3.300   -53.01256640239577
4.900   3.400   -52.67151863156068
4.900   3.500   -52.31802171871429
4.900   3.600   -51.946945081929684
4.900   3.700   -51.55145503896301
4.900   3.800   -51.12039543404287
4.900   3.900   -50.63876613716788
4.900   4.000   -50.08512070055113
4.900   4.100   -49.42690321931224
4.900   4.200   -48.616323132978565
4.900   4.300   -47.5780901199064
4.900   4.400   -46.180203614561485
4.900   4.500   -44.19374210597319
4.900   4.600   -41.201833839031316
4.900   4.700   -36.49758532310256
4.900   4.800   -29.619202805382063
4.900   4.900   -24.80759641485408
4.900   5.000   -29.768586650052978
4.900   5.100   -37.11543436726811
4.900   5.200   -42.218411655103125
4.900   5.300   -45.49964087232046
4.900   5.400   -47.70444217234333
4.900   5.500   -49.27764183972429
4.900   5.600   -50.4614314354846
4.900   5.700   -51.39229412653212
4.900   5.800   -52.15384823036267
4.900   5.900   -52.7934190595544
4.900   6.000   -53.33699915153937
5.000   1.500   -58.33864301473327
5.000   1.600   -58.10849992736283
5.000   1.700   -57.87018262440512
5.000   1.800   -57.62480442733759
5.000   1.900   -57.37401389801459
5.000   2.000   -57.11680268077191
5.000   2.100   -56.85404519173157
5.000   2.200   -56.58904196547678
5.000   2.300   -56.322075412967926
5.000   2.400   -56.05148072971807
5.000   2.500   -55.77664865576595
5.000   2.600   -55.498731151830704
5.000   2.700   -55.21774948391372
5.000   2.800   -54.93255274740477
5.000   2.900   -54.64191612244243
5.000   3.000   -54.34746162771751
5.000   3.100   -54.04954251466473
5.000   3.200   -53.74660102129894
5.000   3.300   -53.437759741511854
5.000   3.400   -53.12221500197185
5.000   3.500   -52.79879531698286
5.000   3.600   -52.4635037718608
5.000   3.700   -52.110817748704825
5.000   3.800   -51.73337265883774
5.000   3.900   -51.32048897562423
5.000   4.000   -50.85593182139609
5.000   4.100   -50.319620155688234
5.000   4.200   -49.68026942651029
5.000   4.300   -48.88852240383164
5.000   4.400   -47.867553022240706
5.000   4.500   -46.488340474787684
5.000   4.600   -44.5212340967961
5.000   4.700   -41.540594007120646
5.000   4.800   -36.804926809032395
5.000   4.900   -29.768462761729392
5.000   5.000   -24.761769044502387
5.000   5.100   -29.932411483711913
5.000   5.200   -37.43740983039325
5.000   5.300   -42.563168385147925
5.000   5.400   -45.82432827201233
5.000   5.500   -48.00455212107805
5.000   5.600   -49.55757265900165
5.000   5.700   -50.72614642668466
5.000   5.800   -51.64579038308422
5.000   5.900   -52.39380019447209
5.000   6.000   -53.01604742336826
5.100   1.500   -58.537641434127494
5.100   1.600   -58.306813014864474
5.100   1.700   -58.06962276702089
5.100   1.800   -57.828013768393525
5.100   1.900   -57.58059507800432
5.100   2.000   -57.328550471000774
5.100   2.100   -57.07535274997662
5.100   2.200   -56.82160081209177
5.100   2.300   -56.565532047234456
5.100   2.400   -56.306595711284096
5.100   2.500   -56.045490490626435
5.100   2.600   -55.78220236305374
5.100   2.700   -55.51478719468915
5.100   2.800   -55.24233551088462
5.100   2.900   -54.96662302927433
5.100   3.000   -54.68805237325759
5.100   3.100   -54.40548545413999
5.100   3.200   -54.11911171023024
5.100   3.300   -53.82943748863052
5.100   3.400   -53.53521053149095
5.100   3.500   -53.2361741870855
5.100   3.600   -52.92932323825061
5.100   3.700   -52.610729112043536
5.100   3.800   -52.2751937641255
5.100   3.900   -51.91448955532795
5.100   4.000   -51.51782466753807
5.100   4.100   -51.07113224875963
5.100   4.200   -50.55158308402845
5.100   4.300   -49.927852966187196
5.100   4.400   -49.153089795744634
5.100   4.500   -48.1515306785968
5.100   4.600   -46.794772288822394
5.100   4.700   -44.84872066033161
5.100   4.800   -41.878238846570575
5.100   4.900   -37.11545433377447
5.100   5.000   -29.932440449910032
5.100   5.100   -24.733134546218736
5.100   5.200   -30.111569487035457
5.100   5.300   -37.76276392309495
5.100   5.400   -42.903067078748826
5.100   5.500   -46.14661327342853
5.100   5.600   -48.307479335233765
5.100   5.700   -49.84109173411469
5.100   5.800   -50.99143336044607
5.100   5.900   -51.89411224719963
5.100   6.000   -52.62632059591245
5.200   1.500   -58.71712080685343
5.200   1.600   -58.48698234812634
5.200   1.700   -58.25319689402399
5.200   1.800   -58.01443842211984
5.200   1.900   -57.771622575897815
5.200   2.000   -57.528386641394164
5.200   2.100   -57.285673488119386
5.200   2.200   -57.04193345870953
5.200   2.300   -56.79644809882043
5.200   2.400   -56.54992888719279
5.200   2.500   -56.30193177130846
5.200   2.600   -56.05045643190298
5.200   2.700   -55.79421936135156
5.200   2.800   -55.53472726297083
5.200   2.900   -55.27246572741412
5.200   3.000   -55.00618146994987
5.200   3.100   -54.736797975407676
5.200   3.200   -54.465133635719305
5.200   3.300   -54.19111100160613
5.200   3.400   -53.915089817497105
5.200   3.500   -53.63559729640127
5.200   3.600   -53.35191415269201
5.200   3.700   -53.06138620463889
5.200   3.800   -52.75883152738267
5.200   3.900   -52.43932451267542
5.200   4.000   -52.09532644844039
5.200   4.100   -51.71484193353535
5.200   4.200   -51.28233587999548
5.200   4.300   -50.77750192397965
5.200   4.400   -50.17116972730939
5.200   4.500   -49.416184802359275
5.200   4.600   -48.43538624573219
5.200   4.700   -47.09788767208856
5.200   4.800   -45.171947002311384
5.200   4.900   -42.21838384768475
5.200   5.000   -37.43740295556708
5.200   5.100   -30.111493417648145
5.200   5.200   -24.712635511824054
5.200   5.300   -30.2970412206976
5.200   5.400   -38.08992791418838
5.200   5.500   -43.24687500790695
5.200   5.600   -46.472685408837044
5.200   5.700   -48.60732427880018
5.200   5.800   -50.11823168207913
5.200   5.900   -51.25204545687147
5.200   6.000   -52.139973400198784
5.300   1.500   -58.88054113230904
5.300   1.600   -58.6533241123008
5.300   1.700   -58.422023419931776
5.300   1.800   -58.18738821262013
5.300   1.900   -57.95282456854051
5.300   2.000   -57.71944186616515
5.300   2.100   -57.48597207414934
5.300   2.200   -57.251919418014865
5.300   2.300   -57.017955836278254
5.300   2.400   -56.78355329205684
5.300   2.500   -56.54630159337157
5.300   2.600   -56.3045843390702
5.300   2.700   -56.05977661297285
5.300   2.800   -55.8119189179204
5.300   2.900   -55.55991124937569
5.300   3.000   -55.3043638267656
5.300   3.100   -55.04667851829179
5.300   3.200   -54.78720062982591
5.300   3.300   -54.5268587659784
5.300   3.400   -54.26509971453921
5.300   3.500   -54.00239061157478
5.300   3.600   -53.73823678745663
5.300   3.700   -53.46943604480779
5.300   3.800   -53.193792061828766
5.300   3.900   -52.908352955087686
5.300   4.000   -52.60443436190352
5.300   4.100   -52.27431937147769
5.300   4.200   -51.90765170481894
5.300   4.300   -51.49074883369641
5.300   4.400   -51.003905020456045
5.300   4.500   -50.41528736171003
5.300   4.600   -49.67680627650689
5.300   4.700   -48.71431148806356
5.300   4.800   -47.40026713731352
5.300   4.900   -45.49964105684755
5.300   5.000   -42.56315793541677
5.300   5.100   -37.76274977790766
5.300   5.200   -30.297303291500874
5.300   5.300   -24.70102120775293
5.300   5.400   -30.495308408483364
5.300   5.500   -38.42442967792203
5.300   5.600   -43.58846812460003
5.300   5.700   -46.78896577651732
5.300   5.800   -48.901162672966116
5.300   5.900   -50.39540384049831
5.300   6.000   -51.511898521815326
5.400   1.500   -59.02912517000088
5.400   1.600   -58.80400598931746
5.400   1.700   -58.576380586022786
5.400   1.800   -58.349544599774596
5.400   1.900   -58.12430107394526
5.400   2.000   -57.8996703867982
5.400   2.100   -57.67533493650098
5.400   2.200   -57.45213241129101
5.400   2.300   -57.229467829000576
5.400   2.400   -57.00476262748915
5.400   2.500   -56.77622935943898
5.400   2.600   -56.54480411357583
5.400   2.700   -56.31033217572489
5.400   2.800   -56.07131077522528
5.400   2.900   -55.82816871149373
5.400   3.000   -55.582438769851734
5.400   3.100   -55.3344674230019
5.400   3.200   -55.085755619056954
5.400   3.300   -54.83628652682304
5.400   3.400   -54.586950856021595
5.400   3.500   -54.338551006189405
5.400   3.600   -54.08954909986129
5.400   3.700   -53.83970941830813
5.400   3.800   -53.58749210231391
5.400   3.900   -53.327666598887234
5.400   4.000   -53.05543141501165
5.400   4.100   -52.76520833757885
5.400   4.200   -52.449810939282884
5.400   4.300   -52.09987262648973
5.400   4.400   -51.69958391663576
5.400   4.500   -51.227167439663425
5.400   4.600   -50.65403352427329
5.400   4.700   -49.93551423523466
5.400   4.800   -48.995849414434026
5.400   4.900   -47.70449107398495
5.400   5.000   -45.824332238954234
5.400   5.100   -42.90306990898313
5.400   5.200   -38.089883011259836
5.400   5.300   -30.495307372206117
5.400   5.400   -24.69985753212278
5.400   5.500   -30.699884284794845
5.400   5.600   -38.7541957079265
5.400   5.700   -43.92293674498078
5.400   5.800   -47.10508208083393
5.400   5.900   -49.197109148793785
5.400   6.000   -50.66855509831505
5.500   1.500   -59.1652800116912
5.500   1.600   -58.943521450793504
5.500   1.700   -58.72325778871194
5.500   1.800   -58.50535748585082
5.500   1.900   -58.28833172243816
5.500   2.000   -58.0724869905794
5.500   2.100   -57.85843382287423
5.500   2.200   -57.64600291932738
5.500   2.300   -57.43236999173466
5.500   2.400   -57.21560495733617
5.500   2.500   -56.99641841002148
5.500   2.600   -56.77435716932522
5.500   2.700   -56.547549237524066
5.500   2.800   -56.31612661692935
5.500   2.900   -56.081399533518876
5.500   3.000   -55.84364777203053
5.500   3.100   -55.60456420718261
5.500   3.200   -55.36440611198765
5.500   3.300   -55.124509739992384
5.500   3.400   -54.886185458627054
5.500   3.500   -54.648723382969976
5.500   3.600   -54.41354231859993
5.500   3.700   -54.18033514362568
5.500   3.800   -53.945854539911366
5.500   3.900   -53.70719508200544
5.500   4.000   -53.460980666759475
5.500   4.100   -53.20348771997392
5.500   4.200   -52.92959171318135
5.500   4.300   -52.6302132492703
5.500   4.400   -52.293525265170935
5.500   4.500   -51.90707277751884
5.500   4.600   -51.45233464023061
5.500   4.700   -50.89909422048807
5.500   4.800   -50.199559505567684
5.500   4.900   -49.27756869764818
5.500   5.000   -48.00452458982875
5.500   5.100   -46.146571911292185
5.500   5.200   -43.24668233949266
5.500   5.300   -38.42449587850746
5.500   5.400   -30.699890916162644
5.500   5.500   -24.70010476283518
5.500   5.600   -30.907193409885707
5.500   5.700   -39.086172716725265
5.500   5.800   -44.26047901530133
5.500   5.900   -47.42018413612567
5.500   6.000   -49.48331304343448
5.600   1.500   -59.29245172508471
5.600   1.600   -59.07775261538357
5.600   1.700   -58.86595418974489
5.600   1.800   -58.656008934401385
5.600   1.900   -58.447287459317515
5.600   2.000   -58.24129134259407
5.600   2.100   -58.03753657060054
5.600   2.200   -57.83352773789207
5.600   2.300   -57.62730886099307
5.600   2.400   -57.419231624578295
5.600   2.500   -57.20861462429389
5.600   2.600   -56.993021818672204
5.600   2.700   -56.773252924134354
5.600   2.800   -56.549178417299345
5.600   2.900   -56.32124800965062
5.600   3.000   -56.09087663149592
5.600   3.100   -55.85867419940993
5.600   3.200   -55.62618944274413
5.600   3.300   -55.39498603300458
5.600   3.400   -55.16483743471256
5.600   3.500   -54.937907481309175
5.600   3.600   -54.71518989204715
5.600   3.700   -54.49470613668765
5.600   3.800   -54.27506472130731
5.600   3.900   -54.054339870117516
5.600   4.000   -53.83033067413118
5.600   4.100   -53.60058421067388
5.600   4.200   -53.35880455499813
5.600   4.300   -53.09779740136183
5.600   4.400   -52.811565462016496
5.600   4.500   -52.491430905030654
5.600   4.600   -52.123150441236156
5.600   4.700   -51.68526654607553
5.600   4.800   -51.14647403888802
5.600   4.900   -50.46143110328959
5.600   5.000   -49.55754446104963
5.600   5.100   -48.307458393592995
5.600   5.200   -46.47269338715422
5.600   5.300   -43.58845143399136
5.600   5.400   -38.75418676658784
5.600   5.500   -30.907227588243842
5.600   5.600   -24.707168139199922
5.600   5.700   -31.123589943809744
5.600   5.800   -39.41988883423471
5.600   5.900   -44.5915005837655
5.600   6.000   -47.72169382659197
5.700   1.500   -59.413589845005376
5.700   1.600   -59.20700450467153
5.700   1.700   -59.0028232107816
5.700   1.800   -58.800757487959096
5.700   1.900   -58.60164103879534
5.700   2.000   -58.40552096449925
5.700   2.100   -58.20982230498094
5.700   2.200   -58.012811248234534
5.700   2.300   -57.81468388355142
5.700   2.400   -57.614697637455684
5.700   2.500   -57.410190998620955
5.700   2.600   -57.20084260092603
5.700   2.700   -56.987230798373695
5.700   2.800   -56.76910715330919
5.700   2.900   -56.54753633615278
5.700   3.000   -56.322866820091086
5.700   3.100   -56.096990456781626
5.700   3.200   -55.87157506978016
5.700   3.300   -55.646656324444535
5.700   3.400   -55.42472436325177
5.700   3.500   -55.207532310037564
5.700   3.600   -54.9943485929328
5.700   3.700   -54.78458348100049
5.700   3.800   -54.57788557712517
5.700   3.900   -54.373027760595406
5.700   4.000   -54.16882407599376
5.700   4.100   -53.96100833199698
5.700   4.200   -53.74411895739603
5.700   4.300   -53.51532084025804
5.700   4.400   -53.27042171488928
5.700   4.500   -53.00150177202633
5.700   4.600   -52.69714482764126
5.700   4.700   -52.3419555955947
5.700   4.800   -51.916004687250556
5.700   4.900   -51.39233919872371
5.700   5.000   -50.72613144518469
5.700   5.100   -49.8411368063641
5.700   5.200   -48.60726546308498
5.700   5.300   -46.78898893170248
5.700   5.400   -43.922761610281476
5.700   5.500   -39.08615530598978
5.700   5.600   -31.12359149900615
5.700   5.700   -24.718888626491747
5.700   5.800   -31.34181001566294
5.700   5.900   -39.74739724981778
5.700   6.000   -44.913060474448876
5.800   1.500   -59.532691454533015
5.800   1.600   -59.33338576714079
5.800   1.700   -59.13679395924115
5.800   1.800   -58.94396958054195
5.800   1.900   -58.75459050625929
5.800   2.000   -58.566238551584554
5.800   2.100   -58.377272956287825
5.800   2.200   -58.187995127529305
5.800   2.300   -57.99752460844739
5.800   2.400   -57.80309418636712
5.800   2.500   -57.60393923111719
5.800   2.600   -57.40046208212233
5.800   2.700   -57.19204446401742
5.800   2.800   -56.9794734581345
5.800   2.900   -56.76264773968055
5.800   3.000   -56.54335710978486
5.800   3.100   -56.323413339718236
5.800   3.200   -56.102994920907584
5.800   3.300   -55.88472073259314
5.800   3.400   -55.67061070487649
5.800   3.500   -55.46073798347629
5.800   3.600   -55.25565185390223
5.800   3.700   -55.05548113131909
5.800   3.800   -54.86075962605505
5.800   3.900   -54.67077838467008
5.800   4.000   -54.48236972175688
5.800   4.100   -54.29152437949568
5.800   4.200   -54.09673112725309
5.800   4.300   -53.89588842689479
5.800   4.400   -53.68444918013545
5.800   4.500   -53.45469451032564
5.800   4.600   -53.19828501767791
5.800   4.700   -52.904908039007715
5.800   4.800   -52.56289370368541
5.800   4.900   -52.15429557239471
5.800   5.000   -51.64577490576348
5.800   5.100   -50.991414428106594
5.800   5.200   -50.11823347502435
5.800   5.300   -48.901122336294975
5.800   5.400   -47.105064359093845
5.800   5.500   -44.260337214119296
5.800   5.600   -39.419890544181776
5.800   5.700   -31.341773459874457
5.800   5.800   -24.73090830832441
5.800   5.900   -31.562417831413267
5.800   6.000   -40.07542306331311
5.900   1.500   -59.65067432122221
5.900   1.600   -59.45868456251714
5.900   1.700   -59.27089071451541
5.900   1.800   -59.08756853528667
5.900   1.900   -58.905630189953754
5.900   2.000   -58.723684464867546
5.900   2.100   -58.54220209950385
5.900   2.200   -58.36021246714899
5.900   2.300   -58.17496757066143
5.900   2.400   -57.98546049006299
5.900   2.500   -57.79165711287946
5.900   2.600   -57.59279376912792
5.900   2.700   -57.38927056216851
5.900   2.800   -57.180754144513415
5.900   2.900   -56.968493698917676
5.900   3.000   -56.75434501964402
5.900   3.100   -56.538344822984484
5.900   3.200   -56.32266860895516
5.900   3.300   -56.111617438859795
5.900   3.400   -55.90329014110805
5.900   3.500   -55.69970252110243
5.900   3.600   -55.502072458948234
5.900   3.700   -55.31123900912911
5.900   3.800   -55.12802516354234
5.900   3.900   -54.9500034072994
5.900   4.000   -54.773683551152295
5.900   4.100   -54.59882580041362
5.900   4.200   -54.42414624955319
5.900   4.300   -54.24666309333465
5.900   4.400   -54.06121721078006
5.900   4.500   -53.86183974365521
5.900   4.600   -53.642799306835485
5.900   4.700   -53.398883053285175
5.900   4.800   -53.121088790311006
5.900   4.900   -52.793441013419994
5.900   5.000   -52.39390556920517
5.900   5.100   -51.894135226703916
5.900   5.200   -51.252115567476714
5.900   5.300   -50.39543323043224
5.900   5.400   -49.19705392029887
5.900   5.500   -47.420175210629225
5.900   5.600   -44.59149984903956
5.900   5.700   -39.74745235195083
5.900   5.800   -31.56234411705171
5.900   5.900   -24.749012526141595
5.900   6.000   -31.789699436954127
6.000   1.500   -59.765236691213566
6.000   1.600   -59.58171850387035
6.000   1.700   -59.40316124787759
6.000   1.800   -59.22689063132003
6.000   1.900   -59.05106493900698
6.000   2.000   -58.8763300582383
6.000   2.100   -58.70178095527337
6.000   2.200   -58.524696750992604
6.000   2.300   -58.34402212277695
6.000   2.400   -58.15939601239242
6.000   2.500   -57.96980643616372
6.000   2.600   -57.77538589563426
6.000   2.700   -57.575133154132644
6.000   2.800   -57.370875064831104
6.000   2.900   -57.1626899614547
6.000   3.000   -56.951588058670254
6.000   3.100   -56.74016311306302
6.000   3.200   -56.53088830481323
6.000   3.300   -56.32352583621939
6.000   3.400   -56.12019320447866
6.000   3.500   -55.92284237712368
6.000   3.600   -55.732172083557046
6.000   3.700   -55.55081804175811
6.000   3.800   -55.37693831945738
6.000   3.900   -55.207698565466124
6.000   4.000   -55.0434082842228
6.000   4.100   -54.88386274716903
6.000   4.200   -54.7264399847348
6.000   4.300   -54.5674640354768
6.000   4.400   -54.40231770305112
6.000   4.500   -54.2272935149008
6.000   4.600   -54.04025777114867
6.000   4.700   -53.836509141278995
6.000   4.800   -53.606110558201436
6.000   4.900   -53.337012514040445
6.000   5.000   -53.01602726418245
6.000   5.100   -52.62626554954516
6.000   5.200   -52.13994322992028
6.000   5.300   -51.51190685340227
6.000   5.400   -50.6685534298237
6.000   5.500   -49.48331752533502
6.000   5.600   -47.72172713070862
6.000   5.700   -44.913063668331326
6.000   5.800   -40.075363056107456
6.000   5.900   -31.789775355825956
6.000   6.000   -24.767389378453064
